30   40
1199
14 39 14 38
10 36 9 36
8 2 7 2
18 25 17 25
17 7 16 7
17 38 16 38
27 21 26 21
17 5 16 5
25 6 25 5
12 36 12 35
8 11 8 10
0 14 0 13
8 14 7 14
14 18 13 18
16 30 15 30
11 9 10 9
6 4 6 3
17 11 17 10
1 33 1 32
14 36 13 36
12 27 11 27
19 18 19 17
1 0 0 0
11 27 10 27
7 4 7 3
3 21 3 20
18 1 17 1
5 24 5 23
21 17 21 16
1 34 1 33
29 30 28 30
13 8 12 8
9 20 8 20
17 1 17 0
11 1 11 0
25 37 24 37
21 1 20 1
12 26 11 26
24 7 24 6
27 9 27 8
15 4 15 3
11 38 11 37
17 0 16 0
29 2 29 1
23 29 23 28
1 8 1 7
0 31 0 30
21 10 20 10
8 12 7 12
19 37 18 37
1 7 1 6
26 14 25 14
3 8 2 8
21 24 20 24
6 24 5 24
15 39 15 38
22 33 21 33
2 35 1 35
15 12 14 12
14 32 13 32
29 16 28 16
25 30 25 29
6 36 5 36
21 27 21 26
25 5 24 5
25 3 24 3
19 35 18 35
3 13 2 13
29 4 28 4
14 29 14 28
11 10 11 9
5 33 5 32
20 23 20 22
19 32 18 32
6 3 5 3
21 31 20 31
22 13 22 12
24 13 24 12
16 30 16 29
25 10 24 10
27 5 26 5
3 13 3 12
4 10 4 9
21 9 20 9
24 20 23 20
8 39 8 38
29 7 29 6
23 4 23 3
4 26 3 26
2 36 2 35
20 32 19 32
4 9 4 8
28 17 27 17
10 34 10 33
8 27 7 27
25 7 25 6
15 2 15 1
5 12 4 12
17 3 16 3
3 24 3 23
10 35 10 34
25 24 25 23
14 34 14 33
6 38 5 38
1 23 0 23
16 22 15 22
19 26 19 25
28 25 28 24
5 26 5 25
21 13 21 12
9 38 9 37
17 32 17 31
17 29 16 29
15 37 14 37
13 5 12 5
19 38 18 38
7 37 7 36
23 13 22 13
25 29 25 28
9 24 9 23
22 21 22 20
27 23 27 22
20 16 20 15
25 30 24 30
21 21 20 21
15 11 15 10
3 16 3 15
4 7 4 6
22 19 21 19
1 14 1 13
0 1 0 0
9 3 9 2
14 0 13 0
22 37 21 37
24 8 23 8
20 31 19 31
20 10 19 10
6 25 5 25
28 14 28 13
23 39 22 39
15 12 15 11
28 9 27 9
17 11 16 11
20 14 20 13
1 21 0 21
10 18 10 17
14 6 13 6
18 12 17 12
8 15 8 14
16 35 16 34
28 8 27 8
27 15 26 15
8 4 8 3
1 18 0 18
1 36 0 36
1 10 1 9
13 37 13 36
23 20 22 20
24 38 24 37
14 7 13 7
28 2 27 2
1 5 1 4
27 27 27 26
26 21 25 21
6 15 6 14
13 17 12 17
24 5 23 5
22 5 21 5
23 0 22 0
13 11 13 10
0 25 0 24
16 34 15 34
19 20 19 19
9 23 8 23
29 1 29 0
22 30 22 29
3 9 2 9
9 28 8 28
2 11 1 11
24 10 23 10
26 17 26 16
7 5 6 5
16 34 16 33
9 9 9 8
6 38 6 37
29 5 29 4
3 35 3 34
9 19 9 18
2 38 1 38
1 2 0 2
5 28 5 27
4 18 4 17
5 39 5 38
24 27 23 27
2 24 2 23
20 35 19 35
0 38 0 37
28 7 28 6
23 38 22 38
6 12 5 12
22 5 22 4
19 11 19 10
11 8 10 8
17 29 17 28
16 11 16 10
5 9 4 9
26 2 26 1
24 31 24 30
1 13 0 13
20 3 20 2
8 38 8 37
5 21 5 20
17 4 17 3
29 23 28 23
6 32 5 32
22 9 22 8
8 31 7 31
7 9 7 8
23 18 23 17
25 21 25 20
6 7 6 6
3 22 3 21
2 25 2 24
3 16 2 16
24 6 24 5
6 11 5 11
16 31 15 31
15 4 14 4
4 21 3 21
25 22 25 21
24 17 23 17
28 34 27 34
13 25 12 25
11 39 11 38
26 39 26 38
9 37 8 37
17 2 17 1
10 30 9 30
16 33 15 33
3 38 2 38
28 1 28 0
16 8 16 7
20 39 20 38
16 7 16 6
25 20 25 19
1 25 1 24
16 9 16 8
9 11 9 10
4 10 3 10
22 20 21 20
11 2 10 2
3 31 3 30
15 20 14 20
6 13 5 13
5 2 4 2
16 3 16 2
1 7 0 7
8 13 7 13
26 30 26 29
20 27 19 27
4 26 4 25
27 32 26 32
3 14 3 13
18 3 17 3
9 27 9 26
21 23 21 22
2 26 1 26
11 9 11 8
7 3 6 3
16 6 16 5
3 34 3 33
24 0 23 0
13 7 12 7
26 37 25 37
13 21 12 21
5 7 5 6
25 8 24 8
3 5 3 4
9 13 9 12
25 12 25 11
17 28 17 27
2 9 2 8
21 34 20 34
12 39 12 38
6 28 5 28
5 31 4 31
1 8 0 8
11 28 11 27
10 37 9 37
27 31 26 31
22 22 21 22
4 34 3 34
26 30 25 30
12 19 12 18
4 5 3 5
22 2 21 2
7 8 7 7
23 16 22 16
3 29 3 28
29 3 29 2
19 5 18 5
27 6 27 5
27 4 26 4
9 13 8 13
7 23 7 22
12 30 12 29
2 32 2 31
12 6 11 6
20 2 20 1
1 11 0 11
14 25 13 25
22 15 21 15
8 10 8 9
20 26 20 25
3 12 2 12
16 18 15 18
20 38 20 37
4 27 4 26
23 15 23 14
17 8 16 8
24 1 23 1
26 26 25 26
23 10 22 10
10 39 10 38
19 0 18 0
3 21 2 21
13 38 13 37
8 24 8 23
21 39 20 39
16 10 16 9
7 28 7 27
5 12 5 11
25 9 25 8
9 21 8 21
24 11 24 10
15 1 14 1
2 7 1 7
8 32 7 32
22 35 21 35
15 33 15 32
14 36 14 35
20 1 19 1
5 23 5 22
7 13 7 12
14 28 13 28
0 16 0 15
29 16 29 15
4 15 3 15
16 29 15 29
18 9 18 8
18 31 18 30
20 15 20 14
26 6 25 6
26 36 25 36
28 15 28 14
18 28 18 27
11 39 10 39
15 37 15 36
22 23 21 23
0 21 0 20
12 18 11 18
27 16 27 15
23 11 23 10
1 18 1 17
12 32 11 32
29 24 28 24
26 0 25 0
12 38 11 38
29 31 28 31
19 3 19 2
2 2 1 2
24 23 23 23
7 33 7 32
17 4 16 4
14 21 13 21
25 39 24 39
9 37 9 36
14 9 13 9
16 31 16 30
22 39 22 38
5 15 4 15
25 26 25 25
17 37 16 37
4 28 4 27
29 19 29 18
22 10 22 9
17 23 17 22
18 29 18 28
9 31 8 31
26 5 25 5
8 8 8 7
19 31 18 31
28 29 27 29
12 30 11 30
21 8 20 8
18 33 18 32
12 10 11 10
15 36 15 35
21 12 21 11
9 28 9 27
22 38 22 37
4 38 3 38
12 35 12 34
2 27 1 27
22 10 21 10
14 10 13 10
26 4 25 4
17 19 17 18
10 39 9 39
8 22 8 21
22 2 22 1
12 5 12 4
8 14 8 13
17 39 16 39
21 36 21 35
2 16 1 16
14 5 14 4
26 27 26 26
0 12 0 11
5 11 5 10
1 34 0 34
29 10 29 9
4 28 3 28
27 34 26 34
3 15 2 15
7 27 7 26
21 37 20 37
29 32 29 31
15 39 14 39
19 1 18 1
24 21 23 21
7 16 7 15
29 2 28 2
5 36 5 35
7 26 7 25
9 19 8 19
18 30 17 30
3 20 3 19
19 4 18 4
7 18 7 17
27 4 27 3
15 33 14 33
10 1 9 1
6 5 5 5
27 25 26 25
5 13 5 12
28 31 27 31
5 20 5 19
24 6 23 6
29 13 28 13
6 7 5 7
4 35 3 35
4 9 3 9
26 19 25 19
18 11 17 11
8 22 7 22
23 4 22 4
7 39 6 39
18 3 18 2
0 22 0 21
28 10 28 9
15 11 14 11
25 35 24 35
25 21 24 21
13 28 12 28
7 18 6 18
3 2 3 1
14 11 13 11
18 23 17 23
9 7 9 6
29 31 29 30
21 9 21 8
23 19 22 19
1 26 0 26
20 35 20 34
16 8 15 8
18 35 17 35
15 10 15 9
25 36 25 35
16 16 15 16
7 29 6 29
28 32 27 32
0 27 0 26
15 3 14 3
9 21 9 20
3 24 2 24
5 11 4 11
1 31 1 30
22 13 21 13
8 30 8 29
9 6 9 5
9 33 9 32
23 16 23 15
7 8 6 8
7 5 7 4
22 7 22 6
3 15 3 14
9 25 8 25
9 32 8 32
15 32 14 32
5 29 5 28
27 37 27 36
21 37 21 36
26 35 26 34
28 26 28 25
28 5 27 5
26 3 26 2
19 5 19 4
8 35 8 34
7 10 7 9
2 22 2 21
25 4 24 4
0 23 0 22
23 1 23 0
16 4 15 4
8 39 7 39
28 10 27 10
3 6 3 5
5 7 4 7
7 15 6 15
28 30 27 30
18 20 18 19
17 20 16 20
24 4 24 3
6 2 5 2
28 24 27 24
13 7 13 6
21 6 20 6
29 1 28 1
26 36 26 35
10 10 10 9
4 3 3 3
14 31 14 30
28 34 28 33
19 28 19 27
23 3 23 2
1 27 1 26
26 39 25 39
16 35 15 35
2 5 2 4
25 28 25 27
3 30 3 29
12 33 11 33
20 27 20 26
22 6 22 5
22 1 21 1
17 10 17 9
29 32 28 32
26 38 26 37
25 16 25 15
3 18 2 18
7 7 6 7
23 9 23 8
18 26 17 26
16 9 15 9
2 12 2 11
11 36 10 36
6 23 6 22
28 25 27 25
26 20 25 20
8 6 7 6
18 17 18 16
19 14 19 13
23 27 22 27
27 26 27 25
3 4 3 3
28 5 28 4
0 15 0 14
27 22 27 21
8 7 8 6
5 10 5 9
19 36 19 35
7 15 7 14
4 11 3 11
2 8 1 8
24 39 23 39
1 39 1 38
25 23 25 22
29 12 28 12
6 2 6 1
22 26 21 26
2 22 1 22
8 27 8 26
2 19 2 18
25 15 24 15
27 21 27 20
16 39 15 39
8 28 8 27
11 7 10 7
19 35 19 34
25 13 25 12
5 6 5 5
4 12 3 12
24 35 23 35
26 25 26 24
9 2 9 1
5 1 5 0
10 13 10 12
22 16 22 15
24 12 24 11
13 29 13 28
27 1 27 0
15 36 14 36
19 19 19 18
13 12 12 12
12 2 12 1
17 26 16 26
15 16 14 16
20 37 19 37
22 1 22 0
9 30 9 29
6 15 5 15
27 17 27 16
28 38 27 38
11 11 11 10
12 23 12 22
15 2 14 2
29 21 28 21
24 13 23 13
15 13 14 13
28 35 27 35
25 33 24 33
11 35 10 35
29 17 28 17
25 22 24 22
19 32 19 31
6 25 6 24
22 36 21 36
15 0 14 0
2 23 2 22
21 3 20 3
13 8 13 7
6 30 6 29
25 32 24 32
24 20 24 19
12 31 11 31
27 18 27 17
11 37 11 36
11 1 10 1
8 23 8 22
5 25 4 25
21 6 21 5
8 5 8 4
18 6 17 6
6 11 6 10
7 32 6 32
25 34 25 33
22 32 22 31
19 36 18 36
9 22 8 22
16 2 16 1
4 37 3 37
28 21 28 20
25 31 24 31
4 20 3 20
4 22 3 22
13 14 12 14
27 36 26 36
16 13 15 13
19 8 19 7
27 27 26 27
1 25 0 25
19 27 18 27
16 38 15 38
4 19 3 19
22 28 21 28
7 22 7 21
5 20 4 20
16 28 15 28
19 10 18 10
25 32 25 31
26 28 25 28
28 35 28 34
10 21 10 20
20 21 20 20
1 28 1 27
21 15 20 15
26 22 26 21
2 14 1 14
7 19 7 18
22 18 22 17
26 34 25 34
29 8 28 8
7 25 6 25
5 14 5 13
28 37 27 37
26 8 25 8
4 24 3 24
10 5 9 5
12 28 11 28
15 6 15 5
19 24 19 23
22 11 22 10
10 4 10 3
15 7 15 6
3 33 2 33
7 6 7 5
3 5 2 5
25 39 25 38
27 8 27 7
17 5 17 4
1 12 0 12
21 30 21 29
23 23 23 22
18 15 17 15
14 10 14 9
27 38 26 38
1 33 0 33
10 9 9 9
11 8 11 7
18 33 17 33
13 2 13 1
19 29 18 29
10 16 10 15
28 12 27 12
20 22 20 21
0 20 0 19
21 4 20 4
12 2 11 2
18 14 18 13
19 37 19 36
20 33 20 32
18 15 18 14
11 32 11 31
21 5 20 5
13 28 13 27
6 34 6 33
23 38 23 37
19 11 18 11
3 26 3 25
24 19 23 19
29 12 29 11
2 0 1 0
1 1 1 0
23 12 22 12
26 15 26 14
26 23 25 23
18 39 18 38
12 3 11 3
5 22 4 22
0 29 0 28
18 2 18 1
1 3 1 2
6 22 6 21
12 24 12 23
3 39 3 38
18 25 18 24
6 26 5 26
18 4 18 3
12 9 12 8
0 4 0 3
2 33 1 33
24 15 23 15
19 13 19 12
12 4 11 4
4 36 4 35
20 36 19 36
26 28 26 27
4 1 3 1
5 2 5 1
23 7 22 7
17 33 17 32
23 28 22 28
19 22 19 21
13 32 13 31
29 7 28 7
23 2 22 2
26 15 25 15
4 16 3 16
19 30 18 30
11 14 11 13
6 22 5 22
7 17 7 16
16 32 16 31
2 39 2 38
11 5 11 4
21 1 21 0
10 5 10 4
2 37 2 36
8 4 7 4
23 34 23 33
21 28 21 27
8 38 7 38
17 36 17 35
17 20 17 19
20 9 19 9
15 30 14 30
7 31 6 31
3 36 2 36
28 39 27 39
20 18 20 17
1 22 1 21
10 17 10 16
1 17 1 16
17 7 17 6
27 14 27 13
0 26 0 25
24 9 24 8
22 22 22 21
19 30 19 29
10 6 9 6
25 2 24 2
1 17 0 17
23 22 22 22
20 33 19 33
5 8 4 8
19 8 18 8
4 34 4 33
3 31 2 31
16 32 15 32
29 26 28 26
27 3 27 2
18 19 18 18
1 11 1 10
1 29 1 28
28 20 27 20
25 19 24 19
19 10 19 9
28 22 27 22
11 11 10 11
23 27 23 26
2 10 1 10
4 1 4 0
16 25 15 25
13 3 13 2
9 5 8 5
6 35 5 35
5 5 4 5
6 29 6 28
1 36 1 35
1 21 1 20
28 37 28 36
23 35 22 35
17 27 16 27
9 12 9 11
5 38 4 38
27 33 27 32
11 35 11 34
8 20 7 20
5 16 4 16
24 16 24 15
4 24 4 23
29 24 29 23
0 3 0 2
17 31 16 31
7 17 6 17
27 19 26 19
24 33 24 32
19 1 19 0
25 29 24 29
7 27 6 27
4 4 3 4
16 36 15 36
6 0 5 0
0 17 0 16
26 9 26 8
24 34 24 33
4 33 4 32
9 2 8 2
25 11 24 11
28 23 28 22
8 30 7 30
10 7 10 6
7 12 7 11
3 7 3 6
2 35 2 34
13 10 12 10
11 4 11 3
18 9 17 9
13 5 13 4
2 15 1 15
7 33 6 33
13 6 13 5
4 18 3 18
21 25 21 24
21 18 21 17
22 34 21 34
26 1 26 0
7 21 6 21
19 6 18 6
8 16 7 16
9 1 9 0
9 35 9 34
2 31 2 30
8 11 7 11
23 5 22 5
28 14 27 14
16 21 15 21
20 38 19 38
12 7 11 7
10 26 10 25
22 16 21 16
23 24 22 24
20 1 20 0
4 30 3 30
17 16 17 15
16 2 15 2
22 25 22 24
13 19 12 19
27 15 27 14
21 11 20 11
9 30 8 30
24 28 23 28
13 1 13 0
11 30 10 30
21 22 21 21
5 14 4 14
11 33 11 32
8 26 8 25
27 12 26 12
8 17 7 17
26 18 25 18
17 23 16 23
27 9 26 9
13 20 12 20
6 28 6 27
10 36 10 35
28 18 27 18
4 27 3 27
3 36 3 35
23 24 23 23
23 36 23 35
8 24 7 24
20 13 20 12
1 6 1 5
22 4 21 4
13 23 12 23
12 31 12 30
24 8 24 7
23 30 22 30
18 13 17 13
25 28 24 28
17 18 16 18
16 28 16 27
8 34 8 33
29 22 28 22
9 34 9 33
9 36 9 35
2 5 1 5
22 14 21 14
25 5 25 4
20 17 20 16
12 34 11 34
11 6 11 5
8 0 7 0
2 25 1 25
20 2 19 2
21 14 20 14
14 16 13 16
24 30 23 30
8 37 8 36
14 14 13 14
1 19 0 19
28 7 27 7
12 21 11 21
3 0 2 0
10 15 10 14
1 4 1 3
29 25 29 24
23 33 22 33
26 2 25 2
17 17 16 17
9 5 9 4
10 32 10 31
8 29 8 28
11 12 10 12
7 37 6 37
11 3 11 2
5 32 4 32
28 11 28 10
6 30 5 30
9 4 9 3
0 39 0 38
7 36 7 35
29 34 28 34
20 34 20 33
15 17 14 17
9 17 9 16
29 36 28 36
8 1 8 0
16 20 15 20
0 30 0 29
28 27 28 26
5 37 5 36
25 14 25 13
22 31 22 30
14 25 14 24
6 17 5 17
9 18 9 17
25 18 24 18
26 3 25 3
17 34 16 34
15 28 14 28
13 25 13 24
5 34 4 34
13 2 12 2
11 20 11 19
1 6 0 6
25 27 24 27
10 0 9 0
8 37 7 37
19 19 18 19
5 38 5 37
24 36 23 36
5 29 4 29
1 32 1 31
24 32 23 32
3 18 3 17
20 25 20 24
12 34 12 33
14 20 13 20
2 21 2 20
0 10 0 9
11 26 10 26
11 16 11 15
27 19 27 18
26 33 26 32
18 23 18 22
26 19 26 18
25 14 24 14
12 37 11 37
29 27 28 27
24 26 23 26
6 9 5 9
15 24 14 24
15 22 14 22
1 37 0 37
29 29 29 28
4 39 3 39
4 13 4 12
13 22 13 21
25 1 24 1
2 28 1 28
15 27 14 27
17 15 17 14
5 19 5 18
3 19 2 19
20 31 20 30
1 28 0 28
10 31 10 30
9 20 9 19
13 38 12 38
21 38 20 38
5 37 4 37
29 37 28 37
19 12 18 12
20 28 20 27
23 17 23 16
29 33 29 32
4 32 4 31
15 8 14 8
1 32 0 32
2 18 2 17
17 38 17 37
9 18 8 18
0 2 0 1
7 19 6 19
14 38 14 37
22 4 22 3
7 1 7 0
22 7 21 7
28 19 27 19
4 2 3 2
8 36 8 35
23 35 23 34
28 0 27 0
14 39 13 39
15 22 15 21
29 28 29 27
29 3 28 3
24 31 23 31
14 30 13 30
15 8 15 7
14 34 13 34
29 29 28 29
26 31 26 30
0 6 0 5
14 13 13 13
26 7 26 6
17 12 16 12
13 35 13 34
21 29 21 28
11 22 11 21
27 28 27 27
18 35 18 34
26 10 25 10
18 8 18 7
12 11 12 10
29 9 28 9
20 30 20 29
11 30 11 29
29 39 28 39
11 21 11 20
28 13 28 12
11 18 11 17
15 26 14 26
23 26 23 25
3 3 2 3
2 6 1 6
12 25 11 25
16 17 15 17
11 25 11 24
5 4 5 3
14 17 13 17
20 8 20 7
28 16 28 15
27 39 27 38
17 13 16 13
19 26 18 26
7 0 6 0
13 33 13 32
2 30 2 29
10 14 10 13
11 24 11 23
15 23 14 23
15 28 15 27
6 17 6 16
10 22 10 21
1 9 0 9
4 32 3 32
7 20 6 20
8 34 7 34
3 1 3 0
7 31 7 30
14 15 13 15
29 19 28 19
24 25 24 24
13 26 12 26
27 16 26 16
16 19 15 19
16 26 15 26
16 14 15 14
27 11 27 10
12 15 11 15
15 15 14 15
23 17 22 17
25 18 25 17
29 35 28 35
13 13 12 13
14 18 14 17
9 14 8 14
15 25 15 24
29 38 29 37
12 18 12 17
1 39 0 39
9 15 8 15
19 16 19 15
17 21 16 21
15 19 14 19
18 18 18 17
10 28 10 27
10 20 10 19
14 22 14 21
29 21 29 20
18 24 18 23
21 19 20 19
2 1 2 0
16 23 15 23
12 1 12 0
26 11 25 11
11 15 11 14
12 12 11 12
17 24 17 23
19 17 19 16
28 28 27 28
11 19 10 19
11 29 10 29
19 15 19 14
16 12 15 12
14 23 13 23
21 33 21 32
20 39 19 39
19 21 19 20
24 24 24 23
14 26 13 26
19 25 19 24
17 25 16 25
15 14 14 14
10 23 10 22
16 24 15 24
11 23 11 22
29 14 28 14
0 35 0 34
13 16 12 16
15 27 15 26
12 13 11 13
14 19 14 18
17 14 16 14
18 22 18 21
10 24 10 23
11 17 11 16
18 16 18 15
11 19 11 18
26 14 26 13
10 19 10 18
16 15 15 15
13 15 12 15
17 16 16 16
18 19 17 19
